aerialway,aerialway:capacity,aerialway:occupancy,name,ref,first_node,last_node,first_node_lat,first_node_lon,last_node_lat,last_node_lon,base_height,top_height,elevation
gondola,2800,8,Col Alto,1,224082200,224082205,46.5475481,11.8764235,46.5527745,11.8862712,1558.2,1965.6,407.39999999999986
gondola,4e3,15,Umlaufbahn Seiser Alm - Ovovia Alpe di Siusi,2,411679826,1637238772,46.5728179,11.6712606,46.5580492,11.6647087,1224,1986.3,762.3
cable_car,800,80,Funifor Arabba - Portavescovo,3,1642475077,1642475066,46.4954192,11.8744656,46.4731123,11.8671064,1610.5,2454.9,844.4000000000001
chair_lift,1800,4,Braia Fraida,4,223541730,662975407,46.5535936,11.8908063,46.5525204,11.9022804,1898.6,2021.1,122.5
gondola,1600,8,Ortisei - Furnes,5,1638308249,290213755,46.5764663,11.6750649,46.589644,11.7022238,1263.3,1715.1,451.79999999999995
chair_lift,1800,4,Braia Fraida,6,662975407,223541736,46.5525204,11.9022804,46.5521373,11.9064753,2021.1,2019.7,-1.3999999999998636
chair_lift,1875,4,Roby,7,319257478,319257477,46.5560081,11.8998592,46.553726,11.9062975,1925.9,2021.7,95.79999999999995
cable_car,800,62,Furnes - Seceda,8,296550941,296550944,46.5897685,11.7023504,46.5979412,11.7243474,1717.3,2444.4,727.1000000000001
chair_lift,1200,2,Pre dai Corf,9,331252695,255662341,46.5561833,11.8990412,46.5622068,11.9034829,1921.8,2054.8,133.00000000000023
gondola,2200,15,Piz la Ila,10,224779030,224779036,46.5809563,11.9011202,46.5654693,11.9059626,1422,2069.9,647.9000000000001
chair_lift,2200,4,Burz,11,263483739,263483805,46.4971483,11.8718674,46.4997284,11.8607991,1613.3,1935.1,321.79999999999995
chair_lift,2200,6,Bamby,12,2345444156,224779024,46.5613941,11.9146107,46.5647306,11.9062765,1785.1,2073,287.9000000000001
chair_lift,2400,4,Le Pale,13,263483819,263483821,46.5048921,11.8606323,46.5127989,11.8631431,1799.9,2084,284.0999999999999
chair_lift,1800,4,La Brancia,14,223541719,331252671,46.5550435,11.9143934,46.5534244,11.9065444,1901.4,2022.5,121.09999999999991
chair_lift,2190,4,Campolongo,15,312683473,263484574,46.5195744,11.8716641,46.5130523,11.864189,1843,2081,238
chair_lift,2800,6,Biok,16,224775119,224775125,46.5546574,11.9149083,46.5470511,11.9099216,1905.4,2061.9,156.5
chair_lift,2400,4,Fermeda,17,329678755,332084392,46.5866413,11.7400674,46.6005591,11.7272486,2034.6,2489.4,454.8000000000002
chair_lift,6e3,6,Arabba Fly,18,3912537660,360588600,46.4943514,11.8719567,46.497863099999996,11.8691996,1635,1669,34
chair_lift,2002,6,Ciampai,19,224775106,224775114,46.5555535,11.9141596,46.5528498,11.9210854,1896.4,2e3,103.59999999999991
chair_lift,1192,2,Sass de la Vegla,20,312683467,263479464,46.4812406,11.8793586,46.4736013,11.8857804,2146.6,2267.9,121.30000000000018
gondola,3e3,8,Piz Sorega,21,223530229,223530232,46.56755,11.9377485,46.556331900000004,11.9227899,1544.4,1988.8,444.39999999999986
chair_lift,2400,4,Mesola,22,263483710,263483736,46.470904,11.8981493,46.4737733,11.8865486,2114.3,2262.6,148.29999999999973
chair_lift,1027,2,Padon I,23,263483539,263483598,46.4701025,11.8983763,46.4641491,11.8937882,2116.5,2375.4,258.9000000000001
chair_lift,1200,2,Cisles,24,329742173,329675693,46.5823872,11.7510383,46.5843441,11.7469241,1930.8,2100.3,169.50000000000023
chair_lift,2e3,4,Padon II,25,263483601,263483709,46.444941,11.9070116,46.463759,11.892198,1692.5,2414.5,722
gondola,2400,8,Col Raiser,26,329729478,527880834,46.5651243,11.7366866,46.5847839,11.7453183,1557.4,2102.8,545.4000000000001
chair_lift,1794,6,Pralongià,27,224060678,224060688,46.5359539,11.8896334,46.5350825,11.9044209,1716.2,2020.9,304.70000000000005
chair_lift,900,2,Santa Cristina - Monte Pana,28,355184871,355184870,46.5565518,11.7233567,46.5518005,11.7154831,1402,1623.1,221.0999999999999
chair_lift,2e3,4,Pralongià II,29,331180140,331180141,46.5391399,11.902105,46.5333932,11.9138801,1894.8,2118.9,224.10000000000014
gondola,2200,12,Saslong,30,330039067,330039069,46.557031,11.7294065,46.543307,11.7410355,1415.6,1944.6,529
drag_lift,364,NA,Crep de Mont,31,361439606,361439605,46.5323796,11.8796261,46.5301066,11.8749469,1867,1962.9,95.90000000000009
chair_lift,2e3,6,Sochers - Ciampinoi,32,330039465,330039466,46.5433048,11.7418169,46.5387466,11.7524152,1951.5,2239.6,288.0999999999999
gondola,2400,12,Boè,33,224065479,224065487,46.5487565,11.8714786,46.5266498,11.862692,1538.1,2183,644.9000000000001
chair_lift,2175,4,Sochers,34,520082307,520082320,46.5428039,11.7391794,46.5377768,11.7425895,1937.6,2101.7,164.0999999999999
gondola,3400,25,DMC Europa I,35,312683466,366028465,46.4955374,11.8748212,46.4818717,11.8792015,1608.6,2140.7,532.0999999999999
chair_lift,1200,2,Vallon,36,331252043,331252044,46.5256168,11.8622479,46.5222453,11.8496399,2195.4,2521.7,326.2999999999997
chair_lift,2e3,4,Arlara,37,223541753,223541761,46.5443458,11.8840648,46.5491026,11.8985351,1672.3,2009.2,336.9000000000001
chair_lift,1200,2,Tramans,38,330040353,330040354,46.535179,11.7370762,46.5336809,11.7492646,1922.7,2138.8,216.10000000000014
gondola,3400,25,DMC Europa II,39,366028465,312683468,46.4818717,11.8792015,46.4732165,11.8701162,2140.7,2513.6,372.9000000000001
chair_lift,1200,2,Piza Pranseies,40,312683452,312683453,46.5339976,11.7548273,46.5383382,11.7515516,2030.8,2229.5,198.70000000000005
chair_lift,2080,4,Costoratta,41,263484558,263484559,46.5202892,11.8725269,46.5256092,11.8678182,1840.1,2054.4,214.30000000000018
chair_lift,2200,4,Monte Seura,42,330040267,330040269,46.550612,11.7157758,46.5390786,11.726528,1629.2,2039.7,410.5
chair_lift,1194,2,Cherz II,43,223545712,223545716,46.5199709,11.8743852,46.5166009,11.8844711,1848.3,2080.2,231.89999999999986
chair_lift,1200,2,Vizza,44,2194175112,223545689,46.516366,11.9063109,46.5162787,11.8851324,1758.8,2079.5,320.70000000000005
chair_lift,1200,2,Val,45,361061892,361061893,46.5618513,11.7707604,46.5573543,11.7773698,1611.2,1815.5,204.29999999999995
chair_lift,2200,6,Masarei,46,3326213241,1352992129,46.5170489,11.9075107,46.5329636,11.9159196,1757.6,2128.2,370.5999999999999
chair_lift,2400,4,Costes de L'Ega,47,224082210,224082217,46.5472168,11.8727385,46.5446006,11.8789421,1544.2,1607.5,63.299999999999955
gondola,2400,12,Ciampinoi,48,520626402,520626424,46.5533122,11.7617381,46.538615,11.7533895,1563.2,2230.8,667.6000000000001
chair_lift,1875,4,La Freina,49,223541707,223541713,46.5605223,11.9143181,46.5561048,11.921673,1795.6,1988.4,192.80000000000018
gondola,3e3,10,Dantercepies,50,4281113810,335763999,46.5556546,11.7679487,46.5537201,11.799764,1648.9,2285.5,636.5999999999999
chair_lift,2e3,4,Cherz I,51,223545694,223545699,46.5201998,11.8733376,46.5165166,11.8843718,1839,2079.9,240.9000000000001
chair_lift,2e3,4,Costabella,52,335763982,335763980,46.5525005,11.7639271,46.5525815,11.7692037,1573.8,1744.8,171
chair_lift,1780,4,Prè Ciablun,53,1103134178,1103134181,46.549642,11.8991554,46.5524864,11.9017716,2002.7,2018.5,15.799999999999955
chair_lift,1800,3,Fungeia,54,366189655,366189657,46.5466785,11.7668984,46.5471037,11.7652328,1590.5,1623.9,33.40000000000009
gondola,2660,8,Borest,55,1638308214,2609297154,46.548106,11.8711381,46.549838,11.8538981,1541.2,1597,55.799999999999955
chair_lift,2400,4,Sodlisia,56,263487793,263487796,46.5499769,11.8557145,46.5502315,11.8450436,1571.5,1677.4,105.90000000000009
gondola,2200,8,Plans,57,2194175382,263487806,46.5479852,11.8431494,46.5482334,11.8275423,1664,1825.4,161.4000000000001
gondola,2200,8,Frara,58,263487806,2345318482,46.5482334,11.8275423,46.5559489,11.812032,1825.4,2217.4,392
chair_lift,2400,4,Cir,59,263491781,489926752,46.5500938,11.8064044,46.5542711,11.8000327,2120.4,2292.7,172.29999999999973
cable_car,960,70,Malga - Banc,60,312683469,312683470,46.4276749,11.9107626,46.434732,11.8976264,1457.4,2302.8,845.4000000000001
chair_lift,2400,4,Val Setus,61,263491803,263491801,46.5523656,11.8091244,46.5542682,11.8049093,2149.5,2248.5,99
cable_car,960,70,Banc - Serauta,62,312683470,312683471,46.434732,11.8976264,46.4376036,11.8793789,2302.8,2891.3,588.5
cable_car,1008,70,Serauta - Punta Rocca,63,312683471,312683472,46.4376036,11.8793789,46.4336216,11.8623938,2891.3,3199.3,308
cable_car,1200,100,Piz Sella,64,330055138,330055139,46.5337151,11.7720272,46.5319948,11.7510577,1783.2,2208,424.79999999999995
gondola,1800,8,Col Pradat,65,224082234,224082240,46.5578616,11.854803,46.5619157,11.8586232,1718.4,2006.8,288.39999999999986
gondola,3600,10,Piz Seteur,66,263472902,2376990056,46.5324516,11.7712225,46.5228913,11.7611673,1789.5,2099.6,310.0999999999999
gondola,2e3,8,Colfosco,67,331180135,2345318525,46.550216,11.8532692,46.56243,11.8508874,1601.5,1850.3,248.79999999999995
chair_lift,2400,4,Sole,68,562670627,562670628,46.5228863,11.768865,46.5256711,11.7627951,1970.3,2062.1,91.79999999999995
chair_lift,2200,4,Città dei Sassi,69,263472905,263472906,46.5233767,11.7646926,46.5158463,11.7524242,2024.2,2249.7,225.49999999999977
chair_lift,2400,4,Forcelles,70,224082245,224082251,46.5623862,11.852628,46.5589611,11.8400636,1817.4,2123,305.5999999999999
chair_lift,4800,8,Gran Paradiso,71,332043217,3386628325,46.5249568,11.7589615,46.517505,11.7514288,2022.7,2256.9,234.20000000000005
chair_lift,1800,6,Comici I,72,312683450,312683451,46.526508,11.7588103,46.5284211,11.7477624,2008,2160.1,152.0999999999999
chair_lift,1800,4,Sotsaslong,73,332043219,332043220,46.5261389,11.7588377,46.5251185,11.7464736,2011.2,2190.2,178.99999999999977
chair_lift,1720,4,Colz,74,331252349,331252350,46.5817122,11.9023653,46.5831764,11.9010448,1427.1,1450.6,23.5
chair_lift,2200,6,Sasso Levante,75,312683441,312683442,46.5101552,11.7571697,46.5057725,11.743926,2173.8,2371.6,197.79999999999973
chair_lift,1800,4,Gardenaccia,76,224071405,278466842,46.585468,11.9023888,46.5879253,11.8865705,1433,1785.1,352.0999999999999
chair_lift,2400,4,La Rüa,77,527336220,224071428,46.5817038,11.9053957,46.581609,11.9028314,1399.3,1424.7,25.40000000000009
chair_lift,1460,4,Doninz,78,224071414,224071419,46.5840237,11.9028371,46.5845877,11.899884,1430.3,1472.6,42.299999999999955
chair_lift,1200,2,Zur Sonne - Al Sole,79,488395732,3659756524,46.5538346,11.6632707,46.5577136,11.6636386,1857.9,1991.6,133.69999999999982
chair_lift,1800,4,Monte Piz - Icaro,80,517974338,517974314,46.5470226,11.6359052,46.5482878,11.6485354,1779.6,1935.5,155.9000000000001
chair_lift,1500,4,Santa Croce,81,224087391,224087394,46.6093052,11.896489,46.6124442,11.9234569,1339.2,1833.2,494
chair_lift,1200,2,Steger Dellai,82,517974340,517974356,46.5464188,11.6354079,46.5372048,11.6368976,1774,1947.8,173.79999999999995
chair_lift,900,2,La Crusc,83,278462935,278462942,46.6129205,11.9242712,46.614554,11.9363353,1841.8,2008.2,166.4000000000001
chair_lift,2600,6,Panorama,84,290215518,290215517,46.5433867,11.622568,46.5313827,11.6253432,1813.3,2009.8,196.5
chair_lift,1200,4,Pradüc,85,224797259,224085769,46.6077929,11.8974113,46.5992672,11.9004537,1350.7,1347.9,-2.7999999999999545
gondola,2200,NA,Puflatsch - Bullaccia,86,625195488,625195493,46.5448386,11.6240374,46.5518419,11.6171812,1801.8,2109.7,307.89999999999986
chair_lift,1600,4,Sponata,87,224766874,2345607376,46.5990692,11.9001305,46.5887801,11.8907443,1351.5,1706.8,355.29999999999995
chair_lift,2e3,4,Florian,88,411680979,411680980,46.5308741,11.6714278,46.5155143,11.6846435,1684.6,2095.9,411.3000000000002
chair_lift,1200,2,Leo Demetz,89,518033288,518033308,46.5501057,11.648952,46.5552453,11.6478056,1904.1,2021.6,117.5
chair_lift,1200,2,Sanon,90,518033266,518033286,46.5470587,11.6564509,46.5484127,11.6492195,1838.2,1934.2,96
chair_lift,NA,6,Mezdì,91,411680978,411680977,46.5512912,11.6630448,46.5583691,11.6578106,1821,2045.3,224.29999999999995
chair_lift,1600,4,Floralpina,92,518004891,518004934,46.5303744,11.6692705,46.5264115,11.6498106,1679.8,1932.3,252.5
chair_lift,2e3,4,Goldknopf,93,518004937,518005003,46.525771400000004,11.6539752,46.5145076,11.6375656,1886.4,2210,323.5999999999999
chair_lift,2e3,4,Laurin,94,625195514,625195522,46.5375413,11.6086377,46.5273874,11.6204225,1770.6,2019.8,249.20000000000005
chair_lift,2190,6,Paradiso,95,625195523,625195525,46.5302606,11.6383188,46.5190651,11.6381269,1917.7,2124.1,206.39999999999986
chair_lift,2e3,4,Bamby,96,517974371,517974357,46.5311562,11.637488,46.5339477,11.6345776,1903.7,1969.4,65.70000000000005
chair_lift,2100,4,Euro,97,665752850,665752849,46.5446504,11.6229774,46.5446864,11.6141163,1806.7,1914.8,108.09999999999991
chair_lift,1028,2,Catores,98,665752865,665752866,46.5938421,11.7277739,46.5992528,11.7253007,2294.4,2479.7,185.29999999999973
gondola,2400,16,Seiseralmbahn,99,102561253,102561714,46.5402157,11.5637762,46.5423581,11.6170381,1010.5,1855,844.5
chair_lift,1028,2,Ciampinoi,100,330053534,330053537,46.5496853,11.7648531,46.538339,11.7589666,1574.2,2157.1,582.8999999999999
gondola,2400,12,Canazei - Pecol,101,29916850,29916851,46.4743643,11.7747887,46.4811695,11.7881708,1447.8,1912.8,465
cable_car,1100,80,Pecol - Col dei Rossi,102,1106434793,29916852,46.480993,11.7883355,46.4746898,11.801763,1912.2,2366,453.79999999999995
cable_car,465,65,Sass Pordoi,103,29916899,29916900,46.4886099,11.8105947,46.5003097,11.8078328,2241.6,2898.1,656.5
gondola,NA,8,Toè,104,312683455,312683456,46.4803636,11.789586,46.4773217,11.8045741,1925.6,2267.5,341.9000000000001
gondola,2e3,8,Pian Frataces - Gherdecia,105,263479369,263479370,46.490651,11.7829415,46.4822306,11.8049547,1726.7,2202.2,475.4999999999998
chair_lift,2400,4,Kristiania,106,312683457,312683458,46.4851242,11.795315,46.4748991,11.8032475,2058.5,2370.4,311.9000000000001
chair_lift,1542,6,Sass Becè,107,263479376,263479377,46.4822893,11.8014343,46.4782726,11.8122496,2148.2,2419.6,271.4000000000001
chair_lift,1028,4,Belvedere,108,366038255,366038256,46.4821699,11.8013078,46.4784021,11.8071104,2148,2274.1,126.09999999999991
chair_lift,2400,4,Lezuo Belvedere,109,312683459,312683460,46.4866125,11.8251045,46.4787553,11.8131781,2077.6,2414.9,337.3000000000002
chair_lift,1800,3,Saletei,110,628824914,628824915,46.4867538,11.8237174,46.4877912,11.8146639,2087,2233.3,146.30000000000018
gondola,2800,10,Fodom (Vauz-Pordoi),111,312683461,312683462,46.4880259,11.8443723,46.4880427,11.8149186,1857.9,2232.8,374.9000000000001
gondola,2e3,10,Alba – Ciampac,112,626852263,626852265,46.4579431,11.7886914,46.4465999,11.772194,1491.9,2137.5,645.5999999999999
chair_lift,2400,4,Sella Brunech,113,3326359014,983323958,46.4452745,11.7722627,46.4390114,11.7633734,2143.2,2316.8,173.60000000000036
chair_lift,2200,4,Roseal - Giumela,114,983375170,983375130,46.4401108,11.7693873,46.436231,11.7594273,2185.9,2434.6,248.69999999999982
chair_lift,1800,4,Orsa Maggiore,115,626851920,626851926,46.4393066,11.7350374,46.4374804,11.7592582,2113,2421.3,308.3000000000002
cable_car,1100,125,Campitello - Col Rodella,116,29916846,798745876,46.4751098,11.7457293,46.4952772,11.7513259,1402,2393,991
chair_lift,1800,4,Salei,117,312683443,312683444,46.5015906,11.7577874,46.4969875,11.7516977,2123.7,2394.7,271
chair_lift,1800,4,Rodella des Alpes,118,312683445,3326371446,46.501695,11.7527195,46.4970515,11.7515052,2223.8,2393.1,169.29999999999973
chair_lift,1800,4,Norei - 5 Dita,119,312683439,312683440,46.5021167,11.7576208,46.5046146,11.7448758,2120.5,2375.4,254.9000000000001
chair_lift,2145,4,Cavazes - Grohmann,120,622568643,622568649,46.5042373,11.7537862,46.5052567,11.7471469,2207.6,2319.9,112.30000000000018
gondola,2e3,8,Pradel - Rodella,121,312683437,312683438,46.4923672,11.7810397,46.5022845,11.7523988,1727,2226.7,499.6999999999998
gondola,NA,2,Fedaia - Pian dei Fiacconi,122,470649941,470649942,46.4585898,11.8633307,46.4460426,11.8601544,2071.4,2623,551.5999999999999
gondola,1500,6,Pozza - Buffaure,123,725415798,29916827,46.4278366,11.6982466,46.4307124,11.7227164,1347.4,2063.6,716.1999999999998
chair_lift,1800,4,Buffaure,124,324339004,324339010,46.4317437,11.7172455,46.432226,11.7241217,1939.7,2116.2,176.49999999999977
chair_lift,1800,3,Aloch,125,299140317,299140320,46.4289845,11.6943957,46.4207051,11.6962561,1333.1,1644.4,311.3000000000002
chair_lift,1800,4,Col de Valvacin,126,324199716,324199717,46.4300618,11.7242375,46.4339447,11.7355569,2044.5,2353.8,309.3000000000002
chair_lift,1800,4,Pala del Gheiger,127,626851937,626851940,46.4398319,11.7339922,46.4339198,11.7332429,2108.9,2326.9,218
cable_car,1300,100,Vigo - Catinaccio,128,340549920,340549923,46.4211516,11.6711661,46.4333313,11.6652704,1424,1986.3,562.3
chair_lift,1200,4,Camp Scuola Ciampediè,129,1644770444,1644770437,46.4366217,11.6690718,46.4337499,11.6663883,1936.9,1978.2,41.299999999999955
chair_lift,1800,3,Pian Peccei - Ciampedie,130,340590018,340590021,46.4381562,11.6634632,46.4341579,11.6641571,1802.2,1991.4,189.20000000000005
chair_lift,1200,2,Vajolet I,131,3326396035,340588435,46.438335,11.6936234,46.442824,11.6815682,1318.4,1578,259.5999999999999
chair_lift,1150,2,Vajolet II,132,340588438,340588441,46.443246,11.6815117,46.4386472,11.6633219,1573.3,1801.7,228.4000000000001
chair_lift,2e3,4,Pian Peccei - Pramartin,133,340567623,340573653,46.4388565,11.662641,46.4333194,11.6551026,1804.6,2082.9,278.3000000000002
gondola,NA,NA,Cabinovia del Sassolungo,134,1835305196,1835305214,46.5088903,11.7559296,46.5144904,11.7392404,2184.4,2713.7,529.2999999999997
chair_lift,2400,6,Carpazza,135,2095846965,2094765593,46.4870453,11.8588606,46.4757608,11.8665436,1928.7,2329.2,400.4999999999998
chair_lift,NA,6,Alpenrose,136,2609296810,2609296797,46.4883906,11.8441787,46.4861299,11.855952,1856.8,1981.4,124.60000000000014
cable_car,NA,100,100-FUF Alba - Col dei Rossi,137,3705559087,3705504140,46.4576416,11.7889915,46.4743323,11.8018421,1493.7,2354.6,860.8999999999999
chair_lift,NA,4,Comici II,138,520082292,520082282,46.5293394,11.7479079,46.5319706,11.7500161,2149.2,2221.5,72.30000000000018
gondola,NA,8,Portados,139,4623231852,4623231853,46.495274,11.8739161,46.4838043,11.8672333,1612.4,2103.4,491
